{
 "cells": [
  {
   "cell_type": "code",
   "execution_count": 45,
   "metadata": {},
   "outputs": [],
   "source": [
    "import pandas as pd\n",
    "import csv"
   ]
  },
  {
   "cell_type": "code",
   "execution_count": 62,
   "metadata": {},
   "outputs": [],
   "source": [
    "corona=pd.read_csv('today_corona_edit.csv',encoding='ANSI')"
   ]
  },
  {
   "cell_type": "code",
   "execution_count": 63,
   "metadata": {
    "scrolled": true
   },
   "outputs": [
    {
     "data": {
      "text/html": [
       "<div>\n",
       "<style scoped>\n",
       "    .dataframe tbody tr th:only-of-type {\n",
       "        vertical-align: middle;\n",
       "    }\n",
       "\n",
       "    .dataframe tbody tr th {\n",
       "        vertical-align: top;\n",
       "    }\n",
       "\n",
       "    .dataframe thead th {\n",
       "        text-align: right;\n",
       "    }\n",
       "</style>\n",
       "<table border=\"1\" class=\"dataframe\">\n",
       "  <thead>\n",
       "    <tr style=\"text-align: right;\">\n",
       "      <th></th>\n",
       "      <th>국가</th>\n",
       "      <th>확진자</th>\n",
       "      <th>치료중</th>\n",
       "      <th>사망자</th>\n",
       "      <th>완치</th>\n",
       "      <th>치명(%)</th>\n",
       "      <th>완치(%)</th>\n",
       "      <th>발생률</th>\n",
       "      <th>인구수</th>\n",
       "      <th>국토면적</th>\n",
       "    </tr>\n",
       "  </thead>\n",
       "  <tbody>\n",
       "    <tr>\n",
       "      <th>0</th>\n",
       "      <td>중국</td>\n",
       "      <td>91629</td>\n",
       "      <td>512.0</td>\n",
       "      <td>4636</td>\n",
       "      <td>86481.0</td>\n",
       "      <td>5</td>\n",
       "      <td>94.0</td>\n",
       "      <td>64</td>\n",
       "      <td>1439323776</td>\n",
       "      <td>9640821</td>\n",
       "    </tr>\n",
       "    <tr>\n",
       "      <th>1</th>\n",
       "      <td>인도</td>\n",
       "      <td>29977861</td>\n",
       "      <td>662521.0</td>\n",
       "      <td>389302</td>\n",
       "      <td>28926038.0</td>\n",
       "      <td>1</td>\n",
       "      <td>97.0</td>\n",
       "      <td>21723</td>\n",
       "      <td>1380004385</td>\n",
       "      <td>3287263</td>\n",
       "    </tr>\n",
       "    <tr>\n",
       "      <th>2</th>\n",
       "      <td>미국</td>\n",
       "      <td>34419838</td>\n",
       "      <td>5034868.0</td>\n",
       "      <td>617463</td>\n",
       "      <td>28767507.0</td>\n",
       "      <td>2</td>\n",
       "      <td>84.0</td>\n",
       "      <td>103987</td>\n",
       "      <td>331002651</td>\n",
       "      <td>9833517</td>\n",
       "    </tr>\n",
       "    <tr>\n",
       "      <th>3</th>\n",
       "      <td>인도네시아</td>\n",
       "      <td>2004445</td>\n",
       "      <td>147728.0</td>\n",
       "      <td>54956</td>\n",
       "      <td>1801761.0</td>\n",
       "      <td>3</td>\n",
       "      <td>90.0</td>\n",
       "      <td>7328</td>\n",
       "      <td>273523615</td>\n",
       "      <td>1904569</td>\n",
       "    </tr>\n",
       "    <tr>\n",
       "      <th>4</th>\n",
       "      <td>파키스탄</td>\n",
       "      <td>949838</td>\n",
       "      <td>33452.0</td>\n",
       "      <td>22034</td>\n",
       "      <td>894352.0</td>\n",
       "      <td>2</td>\n",
       "      <td>94.0</td>\n",
       "      <td>4300</td>\n",
       "      <td>220892340</td>\n",
       "      <td>796095</td>\n",
       "    </tr>\n",
       "    <tr>\n",
       "      <th>...</th>\n",
       "      <td>...</td>\n",
       "      <td>...</td>\n",
       "      <td>...</td>\n",
       "      <td>...</td>\n",
       "      <td>...</td>\n",
       "      <td>...</td>\n",
       "      <td>...</td>\n",
       "      <td>...</td>\n",
       "      <td>...</td>\n",
       "      <td>...</td>\n",
       "    </tr>\n",
       "    <tr>\n",
       "      <th>86</th>\n",
       "      <td>요르단</td>\n",
       "      <td>747000</td>\n",
       "      <td>6498.0</td>\n",
       "      <td>9671</td>\n",
       "      <td>730831.0</td>\n",
       "      <td>1</td>\n",
       "      <td>98.0</td>\n",
       "      <td>73213</td>\n",
       "      <td>10203134</td>\n",
       "      <td>89342</td>\n",
       "    </tr>\n",
       "    <tr>\n",
       "      <th>87</th>\n",
       "      <td>포르투갈</td>\n",
       "      <td>865806</td>\n",
       "      <td>28657.0</td>\n",
       "      <td>17068</td>\n",
       "      <td>820081.0</td>\n",
       "      <td>2</td>\n",
       "      <td>95.0</td>\n",
       "      <td>84910</td>\n",
       "      <td>10196709</td>\n",
       "      <td>92090</td>\n",
       "    </tr>\n",
       "    <tr>\n",
       "      <th>88</th>\n",
       "      <td>아제르바이잔</td>\n",
       "      <td>335521</td>\n",
       "      <td>959.0</td>\n",
       "      <td>4963</td>\n",
       "      <td>329599.0</td>\n",
       "      <td>2</td>\n",
       "      <td>98.0</td>\n",
       "      <td>33092</td>\n",
       "      <td>10139177</td>\n",
       "      <td>86600</td>\n",
       "    </tr>\n",
       "    <tr>\n",
       "      <th>89</th>\n",
       "      <td>스웨덴</td>\n",
       "      <td>1084636</td>\n",
       "      <td>NaN</td>\n",
       "      <td>14537</td>\n",
       "      <td>NaN</td>\n",
       "      <td>1</td>\n",
       "      <td>NaN</td>\n",
       "      <td>107398</td>\n",
       "      <td>10099265</td>\n",
       "      <td>450295</td>\n",
       "    </tr>\n",
       "    <tr>\n",
       "      <th>90</th>\n",
       "      <td>온두라스</td>\n",
       "      <td>254194</td>\n",
       "      <td>155560.0</td>\n",
       "      <td>6772</td>\n",
       "      <td>91862.0</td>\n",
       "      <td>3</td>\n",
       "      <td>36.0</td>\n",
       "      <td>25664</td>\n",
       "      <td>9904607</td>\n",
       "      <td>112492</td>\n",
       "    </tr>\n",
       "  </tbody>\n",
       "</table>\n",
       "<p>91 rows × 10 columns</p>\n",
       "</div>"
      ],
      "text/plain": [
       "        국가       확진자        치료중     사망자          완치  치명(%)  완치(%)     발생률  \\\n",
       "0       중국     91629      512.0    4636     86481.0      5   94.0      64   \n",
       "1       인도  29977861   662521.0  389302  28926038.0      1   97.0   21723   \n",
       "2       미국  34419838  5034868.0  617463  28767507.0      2   84.0  103987   \n",
       "3    인도네시아   2004445   147728.0   54956   1801761.0      3   90.0    7328   \n",
       "4     파키스탄    949838    33452.0   22034    894352.0      2   94.0    4300   \n",
       "..     ...       ...        ...     ...         ...    ...    ...     ...   \n",
       "86     요르단    747000     6498.0    9671    730831.0      1   98.0   73213   \n",
       "87    포르투갈    865806    28657.0   17068    820081.0      2   95.0   84910   \n",
       "88  아제르바이잔    335521      959.0    4963    329599.0      2   98.0   33092   \n",
       "89     스웨덴   1084636        NaN   14537         NaN      1    NaN  107398   \n",
       "90    온두라스    254194   155560.0    6772     91862.0      3   36.0   25664   \n",
       "\n",
       "           인구수     국토면적  \n",
       "0   1439323776  9640821  \n",
       "1   1380004385  3287263  \n",
       "2    331002651  9833517  \n",
       "3    273523615  1904569  \n",
       "4    220892340   796095  \n",
       "..         ...      ...  \n",
       "86    10203134    89342  \n",
       "87    10196709    92090  \n",
       "88    10139177    86600  \n",
       "89    10099265   450295  \n",
       "90     9904607   112492  \n",
       "\n",
       "[91 rows x 10 columns]"
      ]
     },
     "execution_count": 63,
     "metadata": {},
     "output_type": "execute_result"
    }
   ],
   "source": [
    "corona"
   ]
  },
  {
   "cell_type": "code",
   "execution_count": 72,
   "metadata": {},
   "outputs": [],
   "source": [
    "corona['인구밀도'] = (corona['인구수']/corona['국토면적'])"
   ]
  },
  {
   "cell_type": "code",
   "execution_count": 76,
   "metadata": {},
   "outputs": [
    {
     "data": {
      "text/html": [
       "<div>\n",
       "<style scoped>\n",
       "    .dataframe tbody tr th:only-of-type {\n",
       "        vertical-align: middle;\n",
       "    }\n",
       "\n",
       "    .dataframe tbody tr th {\n",
       "        vertical-align: top;\n",
       "    }\n",
       "\n",
       "    .dataframe thead th {\n",
       "        text-align: right;\n",
       "    }\n",
       "</style>\n",
       "<table border=\"1\" class=\"dataframe\">\n",
       "  <thead>\n",
       "    <tr style=\"text-align: right;\">\n",
       "      <th></th>\n",
       "      <th>국가</th>\n",
       "      <th>확진자</th>\n",
       "      <th>치료중</th>\n",
       "      <th>사망자</th>\n",
       "      <th>완치</th>\n",
       "      <th>치명(%)</th>\n",
       "      <th>완치(%)</th>\n",
       "      <th>발생률</th>\n",
       "      <th>인구수</th>\n",
       "      <th>국토면적</th>\n",
       "      <th>인구밀도</th>\n",
       "    </tr>\n",
       "  </thead>\n",
       "  <tbody>\n",
       "    <tr>\n",
       "      <th>0</th>\n",
       "      <td>중국</td>\n",
       "      <td>91629</td>\n",
       "      <td>512.0</td>\n",
       "      <td>4636</td>\n",
       "      <td>86481.0</td>\n",
       "      <td>5</td>\n",
       "      <td>94.0</td>\n",
       "      <td>64</td>\n",
       "      <td>1439323776</td>\n",
       "      <td>9640821</td>\n",
       "      <td>149.294731</td>\n",
       "    </tr>\n",
       "    <tr>\n",
       "      <th>1</th>\n",
       "      <td>인도</td>\n",
       "      <td>29977861</td>\n",
       "      <td>662521.0</td>\n",
       "      <td>389302</td>\n",
       "      <td>28926038.0</td>\n",
       "      <td>1</td>\n",
       "      <td>97.0</td>\n",
       "      <td>21723</td>\n",
       "      <td>1380004385</td>\n",
       "      <td>3287263</td>\n",
       "      <td>419.803461</td>\n",
       "    </tr>\n",
       "    <tr>\n",
       "      <th>2</th>\n",
       "      <td>미국</td>\n",
       "      <td>34419838</td>\n",
       "      <td>5034868.0</td>\n",
       "      <td>617463</td>\n",
       "      <td>28767507.0</td>\n",
       "      <td>2</td>\n",
       "      <td>84.0</td>\n",
       "      <td>103987</td>\n",
       "      <td>331002651</td>\n",
       "      <td>9833517</td>\n",
       "      <td>33.660658</td>\n",
       "    </tr>\n",
       "    <tr>\n",
       "      <th>3</th>\n",
       "      <td>인도네시아</td>\n",
       "      <td>2004445</td>\n",
       "      <td>147728.0</td>\n",
       "      <td>54956</td>\n",
       "      <td>1801761.0</td>\n",
       "      <td>3</td>\n",
       "      <td>90.0</td>\n",
       "      <td>7328</td>\n",
       "      <td>273523615</td>\n",
       "      <td>1904569</td>\n",
       "      <td>143.614442</td>\n",
       "    </tr>\n",
       "    <tr>\n",
       "      <th>4</th>\n",
       "      <td>파키스탄</td>\n",
       "      <td>949838</td>\n",
       "      <td>33452.0</td>\n",
       "      <td>22034</td>\n",
       "      <td>894352.0</td>\n",
       "      <td>2</td>\n",
       "      <td>94.0</td>\n",
       "      <td>4300</td>\n",
       "      <td>220892340</td>\n",
       "      <td>796095</td>\n",
       "      <td>277.469825</td>\n",
       "    </tr>\n",
       "    <tr>\n",
       "      <th>...</th>\n",
       "      <td>...</td>\n",
       "      <td>...</td>\n",
       "      <td>...</td>\n",
       "      <td>...</td>\n",
       "      <td>...</td>\n",
       "      <td>...</td>\n",
       "      <td>...</td>\n",
       "      <td>...</td>\n",
       "      <td>...</td>\n",
       "      <td>...</td>\n",
       "      <td>...</td>\n",
       "    </tr>\n",
       "    <tr>\n",
       "      <th>86</th>\n",
       "      <td>요르단</td>\n",
       "      <td>747000</td>\n",
       "      <td>6498.0</td>\n",
       "      <td>9671</td>\n",
       "      <td>730831.0</td>\n",
       "      <td>1</td>\n",
       "      <td>98.0</td>\n",
       "      <td>73213</td>\n",
       "      <td>10203134</td>\n",
       "      <td>89342</td>\n",
       "      <td>114.203107</td>\n",
       "    </tr>\n",
       "    <tr>\n",
       "      <th>87</th>\n",
       "      <td>포르투갈</td>\n",
       "      <td>865806</td>\n",
       "      <td>28657.0</td>\n",
       "      <td>17068</td>\n",
       "      <td>820081.0</td>\n",
       "      <td>2</td>\n",
       "      <td>95.0</td>\n",
       "      <td>84910</td>\n",
       "      <td>10196709</td>\n",
       "      <td>92090</td>\n",
       "      <td>110.725475</td>\n",
       "    </tr>\n",
       "    <tr>\n",
       "      <th>88</th>\n",
       "      <td>아제르바이잔</td>\n",
       "      <td>335521</td>\n",
       "      <td>959.0</td>\n",
       "      <td>4963</td>\n",
       "      <td>329599.0</td>\n",
       "      <td>2</td>\n",
       "      <td>98.0</td>\n",
       "      <td>33092</td>\n",
       "      <td>10139177</td>\n",
       "      <td>86600</td>\n",
       "      <td>117.080566</td>\n",
       "    </tr>\n",
       "    <tr>\n",
       "      <th>89</th>\n",
       "      <td>스웨덴</td>\n",
       "      <td>1084636</td>\n",
       "      <td>NaN</td>\n",
       "      <td>14537</td>\n",
       "      <td>NaN</td>\n",
       "      <td>1</td>\n",
       "      <td>NaN</td>\n",
       "      <td>107398</td>\n",
       "      <td>10099265</td>\n",
       "      <td>450295</td>\n",
       "      <td>22.428108</td>\n",
       "    </tr>\n",
       "    <tr>\n",
       "      <th>90</th>\n",
       "      <td>온두라스</td>\n",
       "      <td>254194</td>\n",
       "      <td>155560.0</td>\n",
       "      <td>6772</td>\n",
       "      <td>91862.0</td>\n",
       "      <td>3</td>\n",
       "      <td>36.0</td>\n",
       "      <td>25664</td>\n",
       "      <td>9904607</td>\n",
       "      <td>112492</td>\n",
       "      <td>88.047212</td>\n",
       "    </tr>\n",
       "  </tbody>\n",
       "</table>\n",
       "<p>91 rows × 11 columns</p>\n",
       "</div>"
      ],
      "text/plain": [
       "        국가       확진자        치료중     사망자          완치  치명(%)  완치(%)     발생률  \\\n",
       "0       중국     91629      512.0    4636     86481.0      5   94.0      64   \n",
       "1       인도  29977861   662521.0  389302  28926038.0      1   97.0   21723   \n",
       "2       미국  34419838  5034868.0  617463  28767507.0      2   84.0  103987   \n",
       "3    인도네시아   2004445   147728.0   54956   1801761.0      3   90.0    7328   \n",
       "4     파키스탄    949838    33452.0   22034    894352.0      2   94.0    4300   \n",
       "..     ...       ...        ...     ...         ...    ...    ...     ...   \n",
       "86     요르단    747000     6498.0    9671    730831.0      1   98.0   73213   \n",
       "87    포르투갈    865806    28657.0   17068    820081.0      2   95.0   84910   \n",
       "88  아제르바이잔    335521      959.0    4963    329599.0      2   98.0   33092   \n",
       "89     스웨덴   1084636        NaN   14537         NaN      1    NaN  107398   \n",
       "90    온두라스    254194   155560.0    6772     91862.0      3   36.0   25664   \n",
       "\n",
       "           인구수     국토면적        인구밀도  \n",
       "0   1439323776  9640821  149.294731  \n",
       "1   1380004385  3287263  419.803461  \n",
       "2    331002651  9833517   33.660658  \n",
       "3    273523615  1904569  143.614442  \n",
       "4    220892340   796095  277.469825  \n",
       "..         ...      ...         ...  \n",
       "86    10203134    89342  114.203107  \n",
       "87    10196709    92090  110.725475  \n",
       "88    10139177    86600  117.080566  \n",
       "89    10099265   450295   22.428108  \n",
       "90     9904607   112492   88.047212  \n",
       "\n",
       "[91 rows x 11 columns]"
      ]
     },
     "execution_count": 76,
     "metadata": {},
     "output_type": "execute_result"
    }
   ],
   "source": [
    "corona"
   ]
  },
  {
   "cell_type": "code",
   "execution_count": null,
   "metadata": {},
   "outputs": [],
   "source": [
    "corona"
   ]
  },
  {
   "cell_type": "code",
   "execution_count": 64,
   "metadata": {},
   "outputs": [
    {
     "data": {
      "text/html": [
       "<div>\n",
       "<style scoped>\n",
       "    .dataframe tbody tr th:only-of-type {\n",
       "        vertical-align: middle;\n",
       "    }\n",
       "\n",
       "    .dataframe tbody tr th {\n",
       "        vertical-align: top;\n",
       "    }\n",
       "\n",
       "    .dataframe thead th {\n",
       "        text-align: right;\n",
       "    }\n",
       "</style>\n",
       "<table border=\"1\" class=\"dataframe\">\n",
       "  <thead>\n",
       "    <tr style=\"text-align: right;\">\n",
       "      <th></th>\n",
       "      <th>확진자</th>\n",
       "      <th>치료중</th>\n",
       "      <th>사망자</th>\n",
       "      <th>완치</th>\n",
       "      <th>치명(%)</th>\n",
       "      <th>완치(%)</th>\n",
       "      <th>발생률</th>\n",
       "      <th>인구수</th>\n",
       "      <th>국토면적</th>\n",
       "    </tr>\n",
       "  </thead>\n",
       "  <tbody>\n",
       "    <tr>\n",
       "      <th>확진자</th>\n",
       "      <td>1.000000</td>\n",
       "      <td>0.818730</td>\n",
       "      <td>0.926463</td>\n",
       "      <td>0.997564</td>\n",
       "      <td>-0.061699</td>\n",
       "      <td>0.109904</td>\n",
       "      <td>0.390308</td>\n",
       "      <td>0.508330</td>\n",
       "      <td>0.438837</td>\n",
       "    </tr>\n",
       "    <tr>\n",
       "      <th>치료중</th>\n",
       "      <td>0.818730</td>\n",
       "      <td>1.000000</td>\n",
       "      <td>0.814159</td>\n",
       "      <td>0.776890</td>\n",
       "      <td>-0.021864</td>\n",
       "      <td>-0.000551</td>\n",
       "      <td>0.346206</td>\n",
       "      <td>0.219260</td>\n",
       "      <td>0.436224</td>\n",
       "    </tr>\n",
       "    <tr>\n",
       "      <th>사망자</th>\n",
       "      <td>0.926463</td>\n",
       "      <td>0.814159</td>\n",
       "      <td>1.000000</td>\n",
       "      <td>0.928446</td>\n",
       "      <td>0.068280</td>\n",
       "      <td>0.100507</td>\n",
       "      <td>0.444172</td>\n",
       "      <td>0.389070</td>\n",
       "      <td>0.480154</td>\n",
       "    </tr>\n",
       "    <tr>\n",
       "      <th>완치</th>\n",
       "      <td>0.997564</td>\n",
       "      <td>0.776890</td>\n",
       "      <td>0.928446</td>\n",
       "      <td>1.000000</td>\n",
       "      <td>-0.072306</td>\n",
       "      <td>0.120371</td>\n",
       "      <td>0.419379</td>\n",
       "      <td>0.532317</td>\n",
       "      <td>0.427397</td>\n",
       "    </tr>\n",
       "    <tr>\n",
       "      <th>치명(%)</th>\n",
       "      <td>-0.061699</td>\n",
       "      <td>-0.021864</td>\n",
       "      <td>0.068280</td>\n",
       "      <td>-0.072306</td>\n",
       "      <td>1.000000</td>\n",
       "      <td>-0.248752</td>\n",
       "      <td>-0.090068</td>\n",
       "      <td>0.022548</td>\n",
       "      <td>0.044282</td>\n",
       "    </tr>\n",
       "    <tr>\n",
       "      <th>완치(%)</th>\n",
       "      <td>0.109904</td>\n",
       "      <td>-0.000551</td>\n",
       "      <td>0.100507</td>\n",
       "      <td>0.120371</td>\n",
       "      <td>-0.248752</td>\n",
       "      <td>1.000000</td>\n",
       "      <td>0.271730</td>\n",
       "      <td>0.094199</td>\n",
       "      <td>0.094283</td>\n",
       "    </tr>\n",
       "    <tr>\n",
       "      <th>발생률</th>\n",
       "      <td>0.390308</td>\n",
       "      <td>0.346206</td>\n",
       "      <td>0.444172</td>\n",
       "      <td>0.419379</td>\n",
       "      <td>-0.090068</td>\n",
       "      <td>0.271730</td>\n",
       "      <td>1.000000</td>\n",
       "      <td>-0.047837</td>\n",
       "      <td>0.107853</td>\n",
       "    </tr>\n",
       "    <tr>\n",
       "      <th>인구수</th>\n",
       "      <td>0.508330</td>\n",
       "      <td>0.219260</td>\n",
       "      <td>0.389070</td>\n",
       "      <td>0.532317</td>\n",
       "      <td>0.022548</td>\n",
       "      <td>0.094199</td>\n",
       "      <td>-0.047837</td>\n",
       "      <td>1.000000</td>\n",
       "      <td>0.400437</td>\n",
       "    </tr>\n",
       "    <tr>\n",
       "      <th>국토면적</th>\n",
       "      <td>0.438837</td>\n",
       "      <td>0.436224</td>\n",
       "      <td>0.480154</td>\n",
       "      <td>0.427397</td>\n",
       "      <td>0.044282</td>\n",
       "      <td>0.094283</td>\n",
       "      <td>0.107853</td>\n",
       "      <td>0.400437</td>\n",
       "      <td>1.000000</td>\n",
       "    </tr>\n",
       "  </tbody>\n",
       "</table>\n",
       "</div>"
      ],
      "text/plain": [
       "            확진자       치료중       사망자        완치     치명(%)     완치(%)       발생률  \\\n",
       "확진자    1.000000  0.818730  0.926463  0.997564 -0.061699  0.109904  0.390308   \n",
       "치료중    0.818730  1.000000  0.814159  0.776890 -0.021864 -0.000551  0.346206   \n",
       "사망자    0.926463  0.814159  1.000000  0.928446  0.068280  0.100507  0.444172   \n",
       "완치     0.997564  0.776890  0.928446  1.000000 -0.072306  0.120371  0.419379   \n",
       "치명(%) -0.061699 -0.021864  0.068280 -0.072306  1.000000 -0.248752 -0.090068   \n",
       "완치(%)  0.109904 -0.000551  0.100507  0.120371 -0.248752  1.000000  0.271730   \n",
       "발생률    0.390308  0.346206  0.444172  0.419379 -0.090068  0.271730  1.000000   \n",
       "인구수    0.508330  0.219260  0.389070  0.532317  0.022548  0.094199 -0.047837   \n",
       "국토면적   0.438837  0.436224  0.480154  0.427397  0.044282  0.094283  0.107853   \n",
       "\n",
       "            인구수      국토면적  \n",
       "확진자    0.508330  0.438837  \n",
       "치료중    0.219260  0.436224  \n",
       "사망자    0.389070  0.480154  \n",
       "완치     0.532317  0.427397  \n",
       "치명(%)  0.022548  0.044282  \n",
       "완치(%)  0.094199  0.094283  \n",
       "발생률   -0.047837  0.107853  \n",
       "인구수    1.000000  0.400437  \n",
       "국토면적   0.400437  1.000000  "
      ]
     },
     "execution_count": 64,
     "metadata": {},
     "output_type": "execute_result"
    }
   ],
   "source": [
    "df2 = pd.read_csv('./today_corona_edit.csv', encoding='ANSI')\n",
    "corr=df2.corr(method='pearson')\n",
    "corr"
   ]
  },
  {
   "cell_type": "code",
   "execution_count": 66,
   "metadata": {},
   "outputs": [],
   "source": [
    "import matplotlib.pyplot as plt \n",
    "import seaborn as sns"
   ]
  },
  {
   "cell_type": "code",
   "execution_count": 67,
   "metadata": {},
   "outputs": [
    {
     "data": {
      "text/html": [
       "<div>\n",
       "<style scoped>\n",
       "    .dataframe tbody tr th:only-of-type {\n",
       "        vertical-align: middle;\n",
       "    }\n",
       "\n",
       "    .dataframe tbody tr th {\n",
       "        vertical-align: top;\n",
       "    }\n",
       "\n",
       "    .dataframe thead th {\n",
       "        text-align: right;\n",
       "    }\n",
       "</style>\n",
       "<table border=\"1\" class=\"dataframe\">\n",
       "  <thead>\n",
       "    <tr style=\"text-align: right;\">\n",
       "      <th></th>\n",
       "      <th>확진자</th>\n",
       "      <th>치료중</th>\n",
       "      <th>사망자</th>\n",
       "      <th>완치</th>\n",
       "      <th>치명(%)</th>\n",
       "      <th>완치(%)</th>\n",
       "      <th>발생률</th>\n",
       "      <th>인구수</th>\n",
       "      <th>국토면적</th>\n",
       "    </tr>\n",
       "  </thead>\n",
       "  <tbody>\n",
       "    <tr>\n",
       "      <th>확진자</th>\n",
       "      <td>1.000000</td>\n",
       "      <td>0.759787</td>\n",
       "      <td>0.927865</td>\n",
       "      <td>0.995513</td>\n",
       "      <td>-0.631211</td>\n",
       "      <td>-0.335871</td>\n",
       "      <td>0.743716</td>\n",
       "      <td>0.055611</td>\n",
       "      <td>0.351134</td>\n",
       "    </tr>\n",
       "    <tr>\n",
       "      <th>치료중</th>\n",
       "      <td>0.759787</td>\n",
       "      <td>1.000000</td>\n",
       "      <td>0.795873</td>\n",
       "      <td>0.695017</td>\n",
       "      <td>-0.304172</td>\n",
       "      <td>-0.823088</td>\n",
       "      <td>0.856407</td>\n",
       "      <td>-0.286187</td>\n",
       "      <td>0.551265</td>\n",
       "    </tr>\n",
       "    <tr>\n",
       "      <th>사망자</th>\n",
       "      <td>0.927865</td>\n",
       "      <td>0.795873</td>\n",
       "      <td>1.000000</td>\n",
       "      <td>0.908160</td>\n",
       "      <td>-0.474513</td>\n",
       "      <td>-0.495457</td>\n",
       "      <td>0.924042</td>\n",
       "      <td>-0.183212</td>\n",
       "      <td>0.499844</td>\n",
       "    </tr>\n",
       "    <tr>\n",
       "      <th>완치</th>\n",
       "      <td>0.995513</td>\n",
       "      <td>0.695017</td>\n",
       "      <td>0.908160</td>\n",
       "      <td>1.000000</td>\n",
       "      <td>-0.655284</td>\n",
       "      <td>-0.250718</td>\n",
       "      <td>0.694723</td>\n",
       "      <td>0.106262</td>\n",
       "      <td>0.306047</td>\n",
       "    </tr>\n",
       "    <tr>\n",
       "      <th>치명(%)</th>\n",
       "      <td>-0.631211</td>\n",
       "      <td>-0.304172</td>\n",
       "      <td>-0.474513</td>\n",
       "      <td>-0.655284</td>\n",
       "      <td>1.000000</td>\n",
       "      <td>-0.021678</td>\n",
       "      <td>-0.250422</td>\n",
       "      <td>0.209474</td>\n",
       "      <td>0.476402</td>\n",
       "    </tr>\n",
       "    <tr>\n",
       "      <th>완치(%)</th>\n",
       "      <td>-0.335871</td>\n",
       "      <td>-0.823088</td>\n",
       "      <td>-0.495457</td>\n",
       "      <td>-0.250718</td>\n",
       "      <td>-0.021678</td>\n",
       "      <td>1.000000</td>\n",
       "      <td>-0.724291</td>\n",
       "      <td>0.603923</td>\n",
       "      <td>-0.456900</td>\n",
       "    </tr>\n",
       "    <tr>\n",
       "      <th>발생률</th>\n",
       "      <td>0.743716</td>\n",
       "      <td>0.856407</td>\n",
       "      <td>0.924042</td>\n",
       "      <td>0.694723</td>\n",
       "      <td>-0.250422</td>\n",
       "      <td>-0.724291</td>\n",
       "      <td>1.000000</td>\n",
       "      <td>-0.423703</td>\n",
       "      <td>0.615398</td>\n",
       "    </tr>\n",
       "    <tr>\n",
       "      <th>인구수</th>\n",
       "      <td>0.055611</td>\n",
       "      <td>-0.286187</td>\n",
       "      <td>-0.183212</td>\n",
       "      <td>0.106262</td>\n",
       "      <td>0.209474</td>\n",
       "      <td>0.603923</td>\n",
       "      <td>-0.423703</td>\n",
       "      <td>1.000000</td>\n",
       "      <td>0.189970</td>\n",
       "    </tr>\n",
       "    <tr>\n",
       "      <th>국토면적</th>\n",
       "      <td>0.351134</td>\n",
       "      <td>0.551265</td>\n",
       "      <td>0.499844</td>\n",
       "      <td>0.306047</td>\n",
       "      <td>0.476402</td>\n",
       "      <td>-0.456900</td>\n",
       "      <td>0.615398</td>\n",
       "      <td>0.189970</td>\n",
       "      <td>1.000000</td>\n",
       "    </tr>\n",
       "  </tbody>\n",
       "</table>\n",
       "</div>"
      ],
      "text/plain": [
       "            확진자       치료중       사망자        완치     치명(%)     완치(%)       발생률  \\\n",
       "확진자    1.000000  0.759787  0.927865  0.995513 -0.631211 -0.335871  0.743716   \n",
       "치료중    0.759787  1.000000  0.795873  0.695017 -0.304172 -0.823088  0.856407   \n",
       "사망자    0.927865  0.795873  1.000000  0.908160 -0.474513 -0.495457  0.924042   \n",
       "완치     0.995513  0.695017  0.908160  1.000000 -0.655284 -0.250718  0.694723   \n",
       "치명(%) -0.631211 -0.304172 -0.474513 -0.655284  1.000000 -0.021678 -0.250422   \n",
       "완치(%) -0.335871 -0.823088 -0.495457 -0.250718 -0.021678  1.000000 -0.724291   \n",
       "발생률    0.743716  0.856407  0.924042  0.694723 -0.250422 -0.724291  1.000000   \n",
       "인구수    0.055611 -0.286187 -0.183212  0.106262  0.209474  0.603923 -0.423703   \n",
       "국토면적   0.351134  0.551265  0.499844  0.306047  0.476402 -0.456900  0.615398   \n",
       "\n",
       "            인구수      국토면적  \n",
       "확진자    0.055611  0.351134  \n",
       "치료중   -0.286187  0.551265  \n",
       "사망자   -0.183212  0.499844  \n",
       "완치     0.106262  0.306047  \n",
       "치명(%)  0.209474  0.476402  \n",
       "완치(%)  0.603923 -0.456900  \n",
       "발생률   -0.423703  0.615398  \n",
       "인구수    1.000000  0.189970  \n",
       "국토면적   0.189970  1.000000  "
      ]
     },
     "execution_count": 67,
     "metadata": {},
     "output_type": "execute_result"
    }
   ],
   "source": [
    "corr = df2.loc[0:5].corr(method = 'pearson')\n",
    "corr"
   ]
  },
  {
   "cell_type": "code",
   "execution_count": 68,
   "metadata": {},
   "outputs": [
    {
     "name": "stdout",
     "output_type": "stream",
     "text": [
      "        확진자     국토면적\n",
      "0     91629  9640821\n",
      "1  29977861  3287263\n",
      "2  34419838  9833517\n",
      "3   2004445  1904569\n",
      "4    949838   796095\n"
     ]
    }
   ],
   "source": [
    "subset = df2.loc[:, ['확진자', '국토면적']]\n",
    "print(subset.head())"
   ]
  },
  {
   "cell_type": "code",
   "execution_count": 56,
   "metadata": {},
   "outputs": [
    {
     "data": {
